13065	0.00466200000000000
13075	1.00000000000000e-08
13085	0.00741200000000000
13095	1.00000000000000e-08
13105	0.00381000000000000
13115	0.00770200000000000
13125	0.0191000000000000
13135	0.0151700000000000
13145	0.0100500000000000
13155	1.00000000000000e-08
13165	1.00000000000000e-08
13175	1.00000000000000e-08
13185	0.00886200000000000
13195	1.00000000000000e-08
13205	0.0147800000000000
13215	1.00000000000000e-08
13225	0.00993600000000000
13235	1.00000000000000e-08
13245	1.00000000000000e-08
13255	1.00000000000000e-08
13265	0.00739000000000000
13275	1.00000000000000e-08
13285	1.00000000000000e-08
13295	0.0248600000000000
13305	1.00000000000000e-08
13315	1.00000000000000e-08
13325	1.00000000000000e-08
13335	0.00901200000000000
13345	1.00000000000000e-08
13355	1.00000000000000e-08
13365	1.00000000000000e-08
13375	0.00768700000000000
13385	1.00000000000000e-08
13395	0.0153000000000000
13405	0.0124900000000000
13415	0.0168000000000000
13425	0.000883600000000000
13435	1.00000000000000e-08
13445	0.00710500000000000
13455	0.00308600000000000
13465	0.00823500000000000
13475	0.00631000000000000
13485	0.00917700000000000
13495	0.0180600000000000
13505	0.00494600000000000
13515	1.00000000000000e-08
13525	1.00000000000000e-08
13535	1.00000000000000e-08
13545	0.00481900000000000
13555	1.00000000000000e-08
13565	0.00124900000000000
13575	1.00000000000000e-08
13585	0.00259500000000000
13595	0.0341400000000000
13605	0.0162700000000000
13615	1.00000000000000e-08
13625	0.0285000000000000
13635	0.0318200000000000
13645	0.00342800000000000
13655	1.00000000000000e-08
13665	0.00500700000000000
13675	0.00388200000000000
13685	1.00000000000000e-08
13695	1.00000000000000e-08
13705	1.00000000000000e-08
13715	1.00000000000000e-08
13725	1.00000000000000e-08
13735	1.00000000000000e-08
13745	1.00000000000000e-08
13755	0.00467900000000000
13765	1.00000000000000e-08
13775	1.00000000000000e-08
13785	1.00000000000000e-08
13795	1.00000000000000e-08
13805	1.00000000000000e-08
13815	0.00399400000000000
13825	0.0110400000000000
13835	1.00000000000000e-08
13845	0.0294500000000000
13855	1.00000000000000e-08
13865	0.00820600000000000
13875	0.00739400000000000
13885	0.0116300000000000
13895	1.00000000000000e-08
13905	1.00000000000000e-08
13915	1.00000000000000e-08
13925	1.00000000000000e-08
13935	1.00000000000000e-08
13945	1.00000000000000e-08
13955	1.00000000000000e-08
13965	0.0164500000000000
13975	0.00437400000000000
13985	1.00000000000000e-08
13995	1.00000000000000e-08
14005	1.00000000000000e-08
14015	1.00000000000000e-08
14025	0.0208000000000000
14035	0.00353900000000000
14045	0.00207700000000000
14055	0.0145200000000000
14065	0.00896100000000000
14075	1.00000000000000e-08
14085	1.00000000000000e-08
14095	0.0117700000000000
14105	0.000410000000000000
14115	0.00123100000000000
14125	1.00000000000000e-08
14135	1.00000000000000e-08
14145	1.00000000000000e-08
14155	0.00127600000000000
14165	1.00000000000000e-08
14175	0.0103300000000000
14185	0.00411300000000000
14195	0.0269800000000000
14205	0.00840500000000000
14215	1.00000000000000e-08
14225	0.00617000000000000
14235	0.0113200000000000
14245	1.00000000000000e-08
14255	0.00715100000000000
14265	1.00000000000000e-08
14275	1.00000000000000e-08
14285	1.00000000000000e-08
14295	1.00000000000000e-08
14305	0.0112500000000000
14315	1.00000000000000e-08
14325	0.00369100000000000
14335	0.00741500000000000
14345	0.0149300000000000
14355	0.00740100000000000
14365	1.00000000000000e-08
14375	0.00325400000000000
14385	1.00000000000000e-08
14395	0.0127500000000000
14405	1.00000000000000e-08
14415	1.00000000000000e-08
14425	1.00000000000000e-08
14435	1.00000000000000e-08
14445	0.0239300000000000
14455	0.00241300000000000
14465	0.00623200000000000
14475	1.00000000000000e-08
14485	0.00722300000000000
14495	0.00361800000000000
14505	0.00643200000000000
14515	1.00000000000000e-08
14525	1.00000000000000e-08
14535	1.00000000000000e-08
14545	0.0182000000000000
14555	0.00150900000000000
14565	0.000173000000000000
14575	0.0140200000000000
14585	0.00539800000000000
14595	1.00000000000000e-08
14605	1.00000000000000e-08
14615	0.000696300000000000
14625	1.00000000000000e-08
14635	0.0262500000000000
14645	0.00879000000000000
14655	1.00000000000000e-08
14665	0.00572700000000000
14675	1.00000000000000e-08
14685	1.00000000000000e-08
14695	0.0159700000000000
14705	1.00000000000000e-08
14715	1.00000000000000e-08
14725	0.00553600000000000
14735	0.00362400000000000
14745	0.00432300000000000
14755	1.00000000000000e-08
14765	0.000310200000000000
14775	0.00191600000000000
14785	0.0100000000000000
14795	0.00817000000000000
14805	0.00753300000000000
14815	0.0261800000000000
14825	0.00264900000000000
14835	1.00000000000000e-08
14845	1.00000000000000e-08
14855	0.0298200000000000
14865	0.0444800000000000
14875	0.0415500000000000
14885	0.105800000000000
14895	0.125900000000000
14905	0.129900000000000
14915	0.164800000000000
14925	0.161600000000000
14935	0.182800000000000
14945	0.198500000000000
14955	0.200400000000000
14965	0.220400000000000
14975	0.250000000000000
14985	0.293900000000000
14995	0.286700000000000
15005	0.255500000000000
15015	0.239600000000000
15025	0.183000000000000
15035	0.216800000000000
15045	0.204500000000000
15055	0.208000000000000
15065	0.206300000000000
15075	0.204400000000000
15085	0.238500000000000
15095	0.261500000000000
15105	0.326600000000000
15115	0.359300000000000
15125	0.433100000000000
15135	0.565400000000000
15145	0.672800000000000
15155	0.847000000000000
15165	0.989400000000000
15175	1.15400000000000
15185	1.22500000000000
15195	1.33300000000000
15205	1.39300000000000
15215	1.44400000000000
15225	1.40100000000000
15235	1.30200000000000
15245	1.19400000000000
15255	1.02500000000000
15265	0.902600000000000
15275	0.806600000000000
15285	0.748500000000000
15295	0.768500000000000
15305	0.802800000000000
15315	0.898600000000000
15325	0.961800000000000
15335	0.959600000000000
15345	0.896200000000000
15355	0.867100000000000
15365	0.814400000000000
15375	0.792400000000000
15385	0.797500000000000
15395	0.768600000000000
15405	0.726900000000000
15415	0.715900000000000
15425	0.702100000000000
15435	0.689100000000000
15445	0.714600000000000
15455	0.753600000000000
15465	0.782500000000000
15475	0.769800000000000
15485	0.776600000000000
15495	0.771400000000000
15505	0.804700000000000
15515	0.802100000000000
15525	0.812800000000000
15535	0.853700000000000
15545	0.886700000000000
15555	0.903800000000000
15565	0.974200000000000
15575	1.00400000000000
15585	1.04600000000000
15595	1.10000000000000
15605	1.16500000000000
15615	1.21400000000000
15625	1.31100000000000
15635	1.43400000000000
15645	1.48600000000000
15655	1.51300000000000
15665	1.59900000000000
15675	1.68800000000000
15685	1.72400000000000
15695	1.73400000000000
15705	1.80100000000000
15715	1.81500000000000
15725	1.83500000000000
15735	1.86500000000000
15745	1.89400000000000
15755	1.91700000000000
15765	1.95100000000000
15775	1.98100000000000
15785	2.01200000000000
15795	2.02900000000000
15805	2.06000000000000
15815	2.03800000000000
15825	1.98200000000000
15835	1.94200000000000
15845	1.89200000000000
15855	1.81500000000000
15865	1.73400000000000
15875	1.67300000000000
15885	1.58900000000000
15895	1.48400000000000
15905	1.36300000000000
15915	1.23100000000000
15925	1.15700000000000
15935	1.04600000000000
15945	0.959400000000000
15955	0.892800000000000
15965	0.922900000000000
15975	1.09300000000000
15985	1.19300000000000
15995	1.18600000000000
16005	1.16900000000000
16015	1.12000000000000
16025	1.08800000000000
16035	1.03200000000000
16045	0.994600000000000
16055	0.942700000000000
16065	0.909500000000000
16075	0.844700000000000
16085	0.805800000000000
16095	0.722200000000000
16105	0.697200000000000
16115	0.584400000000000
16125	0.545600000000000
16135	0.515700000000000
16145	0.428500000000000
16155	0.393300000000000
16165	0.345100000000000
16175	0.284000000000000
16185	0.258000000000000
16195	0.227400000000000
16205	0.185800000000000
16215	0.171200000000000
16225	0.127400000000000
16235	0.129900000000000
16245	0.156500000000000
16255	0.162700000000000
16265	0.140800000000000
16275	0.125300000000000
16285	0.103400000000000
16295	0.0929800000000000
16305	0.0597900000000000
16315	0.0825800000000000
16325	0.0255300000000000
16335	0.0207100000000000
16345	0.00604500000000000
16355	0.0160400000000000
16365	0.0182600000000000
16375	0.0156600000000000
16385	1.00000000000000e-08
16395	0.00775100000000000
16405	1.00000000000000e-08
16415	0.0117700000000000
16425	0.00689800000000000
16435	1.00000000000000e-08
16445	1.00000000000000e-08
16455	1.00000000000000e-08
16465	0.0196100000000000
16475	1.00000000000000e-08
16485	0.0133300000000000
16495	1.00000000000000e-08
16505	1.00000000000000e-08
16515	1.00000000000000e-08
16525	0.0159000000000000
16535	0.0192200000000000
16545	1.00000000000000e-08
16555	0.00590000000000000
16565	1.00000000000000e-08
16575	1.00000000000000e-08
16585	0.00854300000000000
16595	1.00000000000000e-08
16605	0.0113100000000000
16615	0.00504200000000000
16625	0.0113600000000000
16635	1.00000000000000e-08
16645	1.00000000000000e-08
16655	1.00000000000000e-08
16665	0.00110600000000000
16675	0.00590800000000000
16685	0.0391800000000000
16695	1.00000000000000e-08
16705	1.00000000000000e-08
16715	0.0110000000000000
16725	1.00000000000000e-08
16735	5.00600000000000e-05
16745	0.00819800000000000
16755	0.0339100000000000
16765	0.00782700000000000
16775	1.00000000000000e-08
16785	0.00738500000000000
16795	0.0191800000000000
16805	1.00000000000000e-08
16815	0.0272100000000000
16825	1.00000000000000e-08
16835	0.00221600000000000
16845	1.00000000000000e-08
16855	1.00000000000000e-08
16865	0.0250400000000000
16875	0.00666800000000000
16885	0.00743400000000000
16895	1.00000000000000e-08
16905	0.0165300000000000
16915	1.00000000000000e-08
16925	0.0146400000000000
16935	1.00000000000000e-08
16945	1.00000000000000e-08
16955	0.00414300000000000
16965	1.00000000000000e-08
16975	0.0159800000000000
16985	1.00000000000000e-08
16995	1.00000000000000e-08
17005	1.00000000000000e-08
17015	1.00000000000000e-08
17025	0.0260900000000000
17035	1.00000000000000e-08
17045	1.00000000000000e-08
17055	0.0971900000000000
17065	1.00000000000000e-08
17075	0.0485100000000000
17085	0.0729200000000000
17095	1.00000000000000e-08
17105	1.00000000000000e-08
17115	0.0842700000000000
17125	0.00486600000000000
17135	0.0655000000000000
17145	1.00000000000000e-08
17155	1.00000000000000e-08
17165	0.161300000000000
17175	1.00000000000000e-08
17185	0.0455300000000000
17195	0.0504800000000000
17205	1.00000000000000e-08
17215	1.00000000000000e-08
17225	1.00000000000000e-08
17235	1.00000000000000e-08
17245	1.00000000000000e-08
17255	0.00363000000000000
17265	1.00000000000000e-08
17275	1.00000000000000e-08
17285	0.0379400000000000
17295	1.00000000000000e-08
17305	1.00000000000000e-08
17315	1.00000000000000e-08
17325	0.375500000000000
17335	1.00000000000000e-08
17345	0.259800000000000
17355	0.165800000000000
17365	1.00000000000000e-08
17375	1.00000000000000e-08
17385	1.00000000000000e-08
17395	1.00000000000000e-08
17405	0.247900000000000
17415	1.00000000000000e-08
17425	0.0607500000000000
17435	0.0621700000000000
17445	0.187400000000000
17455	1.00000000000000e-08
17465	1.00000000000000e-08
17475	0.184700000000000
17485	0.261600000000000
17495	0.340900000000000
17505	1.00000000000000e-08
17515	1.00000000000000e-08
17525	1.00000000000000e-08
17535	1.00000000000000e-08
17545	1.00000000000000e-08
17555	1.00000000000000e-08
17565	1.00000000000000e-08
17575	1.00000000000000e-08
17585	1.00000000000000e-08
17595	1.00000000000000e-08
17605	1.00000000000000e-08
17615	1.00000000000000e-08
17625	1.00000000000000e-08
17635	1.00000000000000e-08
17645	1.00000000000000e-08
17655	1.00000000000000e-08
17665	1.00000000000000e-08
17675	1.00000000000000e-08
17685	1.00000000000000e-08
17695	1.00000000000000e-08
17705	1.00000000000000e-08
17715	1.00000000000000e-08
17725	1.00000000000000e-08
17735	1.00000000000000e-08
17745	1.00000000000000e-08
17755	1.00000000000000e-08
17765	1.00000000000000e-08
17775	1.00000000000000e-08
17785	1.00000000000000e-08
17795	1.00000000000000e-08
17805	1.00000000000000e-08
17815	1.00000000000000e-08
17825	1.00000000000000e-08
17835	1.00000000000000e-08
17845	1.00000000000000e-08
17855	1.00000000000000e-08
17865	1.00000000000000e-08
17875	1.00000000000000e-08
17885	1.00000000000000e-08
17895	1.00000000000000e-08
17905	1.00000000000000e-08
17915	1.00000000000000e-08
17925	1.00000000000000e-08
17935	1.00000000000000e-08
17945	1.00000000000000e-08
17955	1.00000000000000e-08
17965	1.00000000000000e-08
17975	1.00000000000000e-08
17985	1.00000000000000e-08
17995	1.00000000000000e-08
18005	1.00000000000000e-08
18015	1.00000000000000e-08
18025	1.00000000000000e-08
18035	1.00000000000000e-08
18045	1.00000000000000e-08
18055	1.00000000000000e-08
18065	1.00000000000000e-08