File,11AASE.txt
Date/Time,20-07-14/22:44
                              
Center,1556.5,nm
Span,500.0,nm
Start,1306.5,nm
Stop,1806.5,nm
Value in Vacuum
Resolution,1.0,nm
Act-Res,0.923,nm
VBW,1000,Hz
Average,Off
Smooth,Off
Smplg,501,pt
Opt.ATT,On
Dynamic Range,Normal
Normal



Trace,A
Memory,A
Start,1306.5,nm
Stop,1806.5,nm
1306.5,0.4662E-6,1.0000E-12
1307.5,1.0000E-12,1.0000E-12
1308.5,0.7412E-6,1.0000E-12
1309.5,1.0000E-12,1.0000E-12
1310.5,0.3810E-6,1.0000E-12
1311.5,0.7702E-6,1.0000E-12
1312.5,0.1910E-5,1.0000E-12
1313.5,0.1517E-5,1.0000E-12
1314.5,0.1005E-5,1.0000E-12
1315.5,1.0000E-12,1.0000E-12
1316.5,1.0000E-12,1.0000E-12
1317.5,1.0000E-12,1.0000E-12
1318.5,0.8862E-6,1.0000E-12
1319.5,1.0000E-12,1.0000E-12
1320.5,0.1478E-5,1.0000E-12
1321.5,1.0000E-12,1.0000E-12
1322.5,0.9936E-6,1.0000E-12
1323.5,1.0000E-12,1.0000E-12
1324.5,1.0000E-12,1.0000E-12
1325.5,1.0000E-12,1.0000E-12
1326.5,0.7390E-6,1.0000E-12
1327.5,1.0000E-12,1.0000E-12
1328.5,1.0000E-12,1.0000E-12
1329.5,0.2486E-5,1.0000E-12
1330.5,1.0000E-12,1.0000E-12
1331.5,1.0000E-12,1.0000E-12
1332.5,1.0000E-12,1.0000E-12
1333.5,0.9012E-6,1.0000E-12
1334.5,1.0000E-12,1.0000E-12
1335.5,1.0000E-12,1.0000E-12
1336.5,1.0000E-12,1.0000E-12
1337.5,0.7687E-6,1.0000E-12
1338.5,1.0000E-12,1.0000E-12
1339.5,0.1530E-5,1.0000E-12
1340.5,0.1249E-5,1.0000E-12
1341.5,0.1680E-5,1.0000E-12
1342.5,0.8836E-7,1.0000E-12
1343.5,1.0000E-12,1.0000E-12
1344.5,0.7105E-6,1.0000E-12
1345.5,0.3086E-6,1.0000E-12
1346.5,0.8235E-6,1.0000E-12
1347.5,0.6310E-6,1.0000E-12
1348.5,0.9177E-6,1.0000E-12
1349.5,0.1806E-5,1.0000E-12
1350.5,0.4946E-6,1.0000E-12
1351.5,1.0000E-12,1.0000E-12
1352.5,1.0000E-12,1.0000E-12
1353.5,1.0000E-12,1.0000E-12
1354.5,0.4819E-6,1.0000E-12
1355.5,1.0000E-12,1.0000E-12
1356.5,0.1249E-6,1.0000E-12
1357.5,1.0000E-12,1.0000E-12
1358.5,0.2595E-6,1.0000E-12
1359.5,0.3414E-5,1.0000E-12
1360.5,0.1627E-5,1.0000E-12
1361.5,1.0000E-12,1.0000E-12
1362.5,0.2850E-5,1.0000E-12
1363.5,0.3182E-5,1.0000E-12
1364.5,0.3428E-6,1.0000E-12
1365.5,1.0000E-12,1.0000E-12
1366.5,0.5007E-6,1.0000E-12
1367.5,0.3882E-6,1.0000E-12
1368.5,1.0000E-12,1.0000E-12
1369.5,1.0000E-12,1.0000E-12
1370.5,1.0000E-12,1.0000E-12
1371.5,1.0000E-12,1.0000E-12
1372.5,1.0000E-12,1.0000E-12
1373.5,1.0000E-12,1.0000E-12
1374.5,1.0000E-12,1.0000E-12
1375.5,0.4679E-6,1.0000E-12
1376.5,1.0000E-12,1.0000E-12
1377.5,1.0000E-12,1.0000E-12
1378.5,1.0000E-12,1.0000E-12
1379.5,1.0000E-12,1.0000E-12
1380.5,1.0000E-12,1.0000E-12
1381.5,0.3994E-6,1.0000E-12
1382.5,0.1104E-5,1.0000E-12
1383.5,1.0000E-12,1.0000E-12
1384.5,0.2945E-5,1.0000E-12
1385.5,1.0000E-12,1.0000E-12
1386.5,0.8206E-6,1.0000E-12
1387.5,0.7394E-6,1.0000E-12
1388.5,0.1163E-5,1.0000E-12
1389.5,1.0000E-12,1.0000E-12
1390.5,1.0000E-12,1.0000E-12
1391.5,1.0000E-12,1.0000E-12
1392.5,1.0000E-12,1.0000E-12
1393.5,1.0000E-12,1.0000E-12
1394.5,1.0000E-12,1.0000E-12
1395.5,1.0000E-12,1.0000E-12
1396.5,0.1645E-5,1.0000E-12
1397.5,0.4374E-6,1.0000E-12
1398.5,1.0000E-12,1.0000E-12
1399.5,1.0000E-12,1.0000E-12
1400.5,1.0000E-12,1.0000E-12
1401.5,1.0000E-12,1.0000E-12
1402.5,0.2080E-5,1.0000E-12
1403.5,0.3539E-6,1.0000E-12
1404.5,0.2077E-6,1.0000E-12
1405.5,0.1452E-5,1.0000E-12
1406.5,0.8961E-6,1.0000E-12
1407.5,1.0000E-12,1.0000E-12
1408.5,1.0000E-12,1.0000E-12
1409.5,0.1177E-5,1.0000E-12
1410.5,0.4100E-7,1.0000E-12
1411.5,0.1231E-6,1.0000E-12
1412.5,1.0000E-12,1.0000E-12
1413.5,1.0000E-12,1.0000E-12
1414.5,1.0000E-12,1.0000E-12
1415.5,0.1276E-6,1.0000E-12
1416.5,1.0000E-12,1.0000E-12
1417.5,0.1033E-5,1.0000E-12
1418.5,0.4113E-6,1.0000E-12
1419.5,0.2698E-5,1.0000E-12
1420.5,0.8405E-6,1.0000E-12
1421.5,1.0000E-12,1.0000E-12
1422.5,0.6170E-6,1.0000E-12
1423.5,0.1132E-5,1.0000E-12
1424.5,1.0000E-12,1.0000E-12
1425.5,0.7151E-6,1.0000E-12
1426.5,1.0000E-12,1.0000E-12
1427.5,1.0000E-12,1.0000E-12
1428.5,1.0000E-12,1.0000E-12
1429.5,1.0000E-12,1.0000E-12
1430.5,0.1125E-5,1.0000E-12
1431.5,1.0000E-12,1.0000E-12
1432.5,0.3691E-6,1.0000E-12
1433.5,0.7415E-6,1.0000E-12
1434.5,0.1493E-5,1.0000E-12
1435.5,0.7401E-6,1.0000E-12
1436.5,1.0000E-12,1.0000E-12
1437.5,0.3254E-6,1.0000E-12
1438.5,1.0000E-12,1.0000E-12
1439.5,0.1275E-5,1.0000E-12
1440.5,1.0000E-12,1.0000E-12
1441.5,1.0000E-12,1.0000E-12
1442.5,1.0000E-12,1.0000E-12
1443.5,1.0000E-12,1.0000E-12
1444.5,0.2393E-5,1.0000E-12
1445.5,0.2413E-6,1.0000E-12
1446.5,0.6232E-6,1.0000E-12
1447.5,1.0000E-12,1.0000E-12
1448.5,0.7223E-6,1.0000E-12
1449.5,0.3618E-6,1.0000E-12
1450.5,0.6432E-6,1.0000E-12
1451.5,1.0000E-12,1.0000E-12
1452.5,1.0000E-12,1.0000E-12
1453.5,1.0000E-12,1.0000E-12
1454.5,0.1820E-5,1.0000E-12
1455.5,0.1509E-6,1.0000E-12
1456.5,0.1730E-7,1.0000E-12
1457.5,0.1402E-5,1.0000E-12
1458.5,0.5398E-6,1.0000E-12
1459.5,1.0000E-12,1.0000E-12
1460.5,1.0000E-12,1.0000E-12
1461.5,0.6963E-7,1.0000E-12
1462.5,1.0000E-12,1.0000E-12
1463.5,0.2625E-5,1.0000E-12
1464.5,0.8790E-6,1.0000E-12
1465.5,1.0000E-12,1.0000E-12
1466.5,0.5727E-6,1.0000E-12
1467.5,1.0000E-12,1.0000E-12
1468.5,1.0000E-12,1.0000E-12
1469.5,0.1597E-5,1.0000E-12
1470.5,1.0000E-12,1.0000E-12
1471.5,1.0000E-12,1.0000E-12
1472.5,0.5536E-6,1.0000E-12
1473.5,0.3624E-6,1.0000E-12
1474.5,0.4323E-6,1.0000E-12
1475.5,1.0000E-12,1.0000E-12
1476.5,0.3102E-7,1.0000E-12
1477.5,0.1916E-6,1.0000E-12
1478.5,1.0000E-6,1.0000E-12
1479.5,0.8170E-6,1.0000E-12
1480.5,0.7533E-6,1.0000E-12
1481.5,0.2618E-5,1.0000E-12
1482.5,0.2649E-6,1.0000E-12
1483.5,1.0000E-12,1.0000E-12
1484.5,1.0000E-12,1.0000E-12
1485.5,0.2982E-5,1.0000E-12
1486.5,0.4448E-5,1.0000E-12
1487.5,0.4155E-5,1.0000E-12
1488.5,0.1058E-4,1.0000E-12
1489.5,0.1259E-4,1.0000E-12
1490.5,0.1299E-4,1.0000E-12
1491.5,0.1648E-4,1.0000E-12
1492.5,0.1616E-4,1.0000E-12
1493.5,0.1828E-4,1.0000E-12
1494.5,0.1985E-4,1.0000E-12
1495.5,0.2004E-4,1.0000E-12
1496.5,0.2204E-4,1.0000E-12
1497.5,0.2500E-4,1.0000E-12
1498.5,0.2939E-4,1.0000E-12
1499.5,0.2867E-4,1.0000E-12
1500.5,0.2555E-4,1.0000E-12
1501.5,0.2396E-4,1.0000E-12
1502.5,0.1830E-4,1.0000E-12
1503.5,0.2168E-4,1.0000E-12
1504.5,0.2045E-4,1.0000E-12
1505.5,0.2080E-4,1.0000E-12
1506.5,0.2063E-4,1.0000E-12
1507.5,0.2044E-4,1.0000E-12
1508.5,0.2385E-4,1.0000E-12
1509.5,0.2615E-4,1.0000E-12
1510.5,0.3266E-4,1.0000E-12
1511.5,0.3593E-4,1.0000E-12
1512.5,0.4331E-4,1.0000E-12
1513.5,0.5654E-4,1.0000E-12
1514.5,0.6728E-4,1.0000E-12
1515.5,0.8470E-4,1.0000E-12
1516.5,0.9894E-4,1.0000E-12
1517.5,0.1154E-3,1.0000E-12
1518.5,0.1225E-3,1.0000E-12
1519.5,0.1333E-3,1.0000E-12
1520.5,0.1393E-3,1.0000E-12
1521.5,0.1444E-3,1.0000E-12
1522.5,0.1401E-3,1.0000E-12
1523.5,0.1302E-3,1.0000E-12
1524.5,0.1194E-3,1.0000E-12
1525.5,0.1025E-3,1.0000E-12
1526.5,0.9026E-4,1.0000E-12
1527.5,0.8066E-4,1.0000E-12
1528.5,0.7485E-4,1.0000E-12
1529.5,0.7685E-4,1.0000E-12
1530.5,0.8028E-4,1.0000E-12
1531.5,0.8986E-4,1.0000E-12
1532.5,0.9618E-4,1.0000E-12
1533.5,0.9596E-4,1.0000E-12
1534.5,0.8962E-4,1.0000E-12
1535.5,0.8671E-4,1.0000E-12
1536.5,0.8144E-4,1.0000E-12
1537.5,0.7924E-4,1.0000E-12
1538.5,0.7975E-4,1.0000E-12
1539.5,0.7686E-4,1.0000E-12
1540.5,0.7269E-4,1.0000E-12
1541.5,0.7159E-4,1.0000E-12
1542.5,0.7021E-4,1.0000E-12
1543.5,0.6891E-4,1.0000E-12
1544.5,0.7146E-4,1.0000E-12
1545.5,0.7536E-4,1.0000E-12
1546.5,0.7825E-4,1.0000E-12
1547.5,0.7698E-4,1.0000E-12
1548.5,0.7766E-4,1.0000E-12
1549.5,0.7714E-4,1.0000E-12
1550.5,0.8047E-4,1.0000E-12
1551.5,0.8021E-4,1.0000E-12
1552.5,0.8128E-4,1.0000E-12
1553.5,0.8537E-4,1.0000E-12
1554.5,0.8867E-4,1.0000E-12
1555.5,0.9038E-4,1.0000E-12
1556.5,0.9742E-4,1.0000E-12
1557.5,0.1004E-3,1.0000E-12
1558.5,0.1046E-3,1.0000E-12
1559.5,0.1100E-3,1.0000E-12
1560.5,0.1165E-3,1.0000E-12
1561.5,0.1214E-3,1.0000E-12
1562.5,0.1311E-3,1.0000E-12
1563.5,0.1434E-3,1.0000E-12
1564.5,0.1486E-3,1.0000E-12
1565.5,0.1513E-3,1.0000E-12
1566.5,0.1599E-3,1.0000E-12
1567.5,0.1688E-3,1.0000E-12
1568.5,0.1724E-3,1.0000E-12
1569.5,0.1734E-3,1.0000E-12
1570.5,0.1801E-3,1.0000E-12
1571.5,0.1815E-3,1.0000E-12
1572.5,0.1835E-3,1.0000E-12
1573.5,0.1865E-3,1.0000E-12
1574.5,0.1894E-3,1.0000E-12
1575.5,0.1917E-3,1.0000E-12
1576.5,0.1951E-3,1.0000E-12
1577.5,0.1981E-3,1.0000E-12
1578.5,0.2012E-3,1.0000E-12
1579.5,0.2029E-3,1.0000E-12
1580.5,0.2060E-3,1.0000E-12
1581.5,0.2038E-3,1.0000E-12
1582.5,0.1982E-3,1.0000E-12
1583.5,0.1942E-3,1.0000E-12
1584.5,0.1892E-3,1.0000E-12
1585.5,0.1815E-3,1.0000E-12
1586.5,0.1734E-3,1.0000E-12
1587.5,0.1673E-3,1.0000E-12
1588.5,0.1589E-3,1.0000E-12
1589.5,0.1484E-3,1.0000E-12
1590.5,0.1363E-3,1.0000E-12
1591.5,0.1231E-3,1.0000E-12
1592.5,0.1157E-3,1.0000E-12
1593.5,0.1046E-3,1.0000E-12
1594.5,0.9594E-4,1.0000E-12
1595.5,0.8928E-4,1.0000E-12
1596.5,0.9229E-4,1.0000E-12
1597.5,0.1093E-3,1.0000E-12
1598.5,0.1193E-3,1.0000E-12
1599.5,0.1186E-3,1.0000E-12
1600.5,0.1169E-3,1.0000E-12
1601.5,0.1120E-3,1.0000E-12
1602.5,0.1088E-3,1.0000E-12
1603.5,0.1032E-3,1.0000E-12
1604.5,0.9946E-4,1.0000E-12
1605.5,0.9427E-4,1.0000E-12
1606.5,0.9095E-4,1.0000E-12
1607.5,0.8447E-4,1.0000E-12
1608.5,0.8058E-4,1.0000E-12
1609.5,0.7222E-4,1.0000E-12
1610.5,0.6972E-4,1.0000E-12
1611.5,0.5844E-4,1.0000E-12
1612.5,0.5456E-4,1.0000E-12
1613.5,0.5157E-4,1.0000E-12
1614.5,0.4285E-4,1.0000E-12
1615.5,0.3933E-4,1.0000E-12
1616.5,0.3451E-4,1.0000E-12
1617.5,0.2840E-4,1.0000E-12
1618.5,0.2580E-4,1.0000E-12
1619.5,0.2274E-4,1.0000E-12
1620.5,0.1858E-4,1.0000E-12
1621.5,0.1712E-4,1.0000E-12
1622.5,0.1274E-4,1.0000E-12
1623.5,0.1299E-4,1.0000E-12
1624.5,0.1565E-4,1.0000E-12
1625.5,0.1627E-4,1.0000E-12
1626.5,0.1408E-4,1.0000E-12
1627.5,0.1253E-4,1.0000E-12
1628.5,0.1034E-4,1.0000E-12
1629.5,0.9298E-5,1.0000E-12
1630.5,0.5979E-5,1.0000E-12
1631.5,0.8258E-5,1.0000E-12
1632.5,0.2553E-5,1.0000E-12
1633.5,0.2071E-5,1.0000E-12
1634.5,0.6045E-6,1.0000E-12
1635.5,0.1604E-5,1.0000E-12
1636.5,0.1826E-5,1.0000E-12
1637.5,0.1566E-5,1.0000E-12
1638.5,1.0000E-12,1.0000E-12
1639.5,0.7751E-6,1.0000E-12
1640.5,1.0000E-12,1.0000E-12
1641.5,0.1177E-5,1.0000E-12
1642.5,0.6898E-6,1.0000E-12
1643.5,1.0000E-12,1.0000E-12
1644.5,1.0000E-12,1.0000E-12
1645.5,1.0000E-12,1.0000E-12
1646.5,0.1961E-5,1.0000E-12
1647.5,1.0000E-12,1.0000E-12
1648.5,0.1333E-5,1.0000E-12
1649.5,1.0000E-12,1.0000E-12
1650.5,1.0000E-12,1.0000E-12
1651.5,1.0000E-12,1.0000E-12
1652.5,0.1590E-5,1.0000E-12
1653.5,0.1922E-5,1.0000E-12
1654.5,1.0000E-12,1.0000E-12
1655.5,0.5900E-6,1.0000E-12
1656.5,1.0000E-12,1.0000E-12
1657.5,1.0000E-12,1.0000E-12
1658.5,0.8543E-6,1.0000E-12
1659.5,1.0000E-12,1.0000E-12
1660.5,0.1131E-5,1.0000E-12
1661.5,0.5042E-6,1.0000E-12
1662.5,0.1136E-5,1.0000E-12
1663.5,1.0000E-12,1.0000E-12
1664.5,1.0000E-12,1.0000E-12
1665.5,1.0000E-12,1.0000E-12
1666.5,0.1106E-6,1.0000E-12
1667.5,0.5908E-6,1.0000E-12
1668.5,0.3918E-5,1.0000E-12
1669.5,1.0000E-12,1.0000E-12
1670.5,1.0000E-12,1.0000E-12
1671.5,0.1100E-5,1.0000E-12
1672.5,1.0000E-12,1.0000E-12
1673.5,0.5006E-8,1.0000E-12
1674.5,0.8198E-6,1.0000E-12
1675.5,0.3391E-5,1.0000E-12
1676.5,0.7827E-6,1.0000E-12
1677.5,1.0000E-12,1.0000E-12
1678.5,0.7385E-6,1.0000E-12
1679.5,0.1918E-5,1.0000E-12
1680.5,1.0000E-12,1.0000E-12
1681.5,0.2721E-5,1.0000E-12
1682.5,1.0000E-12,1.0000E-12
1683.5,0.2216E-6,1.0000E-12
1684.5,1.0000E-12,1.0000E-12
1685.5,1.0000E-12,1.0000E-12
1686.5,0.2504E-5,1.0000E-12
1687.5,0.6668E-6,1.0000E-12
1688.5,0.7434E-6,1.0000E-12
1689.5,1.0000E-12,1.0000E-12
1690.5,0.1653E-5,1.0000E-12
1691.5,1.0000E-12,1.0000E-12
1692.5,0.1464E-5,1.0000E-12
1693.5,1.0000E-12,1.0000E-12
1694.5,1.0000E-12,1.0000E-12
1695.5,0.4143E-6,1.0000E-12
1696.5,1.0000E-12,1.0000E-12
1697.5,0.1598E-5,1.0000E-12
1698.5,1.0000E-12,1.0000E-12
1699.5,1.0000E-12,1.0000E-12
1700.5,1.0000E-12,1.0000E-12
1701.5,1.0000E-12,1.0000E-12
1702.5,0.2609E-5,1.0000E-12
1703.5,1.0000E-12,1.0000E-12
1704.5,1.0000E-12,1.0000E-12
1705.5,0.9719E-5,1.0000E-12
1706.5,1.0000E-12,1.0000E-12
1707.5,0.4851E-5,1.0000E-12
1708.5,0.7292E-5,1.0000E-12
1709.5,1.0000E-12,1.0000E-12
1710.5,1.0000E-12,1.0000E-12
1711.5,0.8427E-5,1.0000E-12
1712.5,0.4866E-6,1.0000E-12
1713.5,0.6550E-5,1.0000E-12
1714.5,1.0000E-12,1.0000E-12
1715.5,1.0000E-12,1.0000E-12
1716.5,0.1613E-4,1.0000E-12
1717.5,1.0000E-12,1.0000E-12
1718.5,0.4553E-5,1.0000E-12
1719.5,0.5048E-5,1.0000E-12
1720.5,1.0000E-12,1.0000E-12
1721.5,1.0000E-12,1.0000E-12
1722.5,1.0000E-12,1.0000E-12
1723.5,1.0000E-12,1.0000E-12
1724.5,1.0000E-12,1.0000E-12
1725.5,0.3630E-6,1.0000E-12
1726.5,1.0000E-12,1.0000E-12
1727.5,1.0000E-12,1.0000E-12
1728.5,0.3794E-5,1.0000E-12
1729.5,1.0000E-12,1.0000E-12
1730.5,1.0000E-12,1.0000E-12
1731.5,1.0000E-12,1.0000E-12
1732.5,0.3755E-4,1.0000E-12
1733.5,1.0000E-12,1.0000E-12
1734.5,0.2598E-4,1.0000E-12
1735.5,0.1658E-4,1.0000E-12
1736.5,1.0000E-12,1.0000E-12
1737.5,1.0000E-12,1.0000E-12
1738.5,1.0000E-12,1.0000E-12
1739.5,1.0000E-12,1.0000E-12
1740.5,0.2479E-4,1.0000E-12
1741.5,1.0000E-12,1.0000E-12
1742.5,0.6075E-5,1.0000E-12
1743.5,0.6217E-5,1.0000E-12
1744.5,0.1874E-4,1.0000E-12
1745.5,1.0000E-12,1.0000E-12
1746.5,1.0000E-12,1.0000E-12
1747.5,0.1847E-4,1.0000E-12
1748.5,0.2616E-4,1.0000E-12
1749.5,0.3409E-4,1.0000E-12
1750.5,1.0000E-12,1.0000E-12
1751.5,1.0000E-12,1.0000E-12
1752.5,1.0000E-12,1.0000E-12
1753.5,1.0000E-12,1.0000E-12
1754.5,1.0000E-12,1.0000E-12
1755.5,1.0000E-12,1.0000E-12
1756.5,1.0000E-12,1.0000E-12
1757.5,1.0000E-12,1.0000E-12
1758.5,1.0000E-12,1.0000E-12
1759.5,1.0000E-12,1.0000E-12
1760.5,1.0000E-12,1.0000E-12
1761.5,1.0000E-12,1.0000E-12
1762.5,1.0000E-12,1.0000E-12
1763.5,1.0000E-12,1.0000E-12
1764.5,1.0000E-12,1.0000E-12
1765.5,1.0000E-12,1.0000E-12
1766.5,1.0000E-12,1.0000E-12
1767.5,1.0000E-12,1.0000E-12
1768.5,1.0000E-12,1.0000E-12
1769.5,1.0000E-12,1.0000E-12
1770.5,1.0000E-12,1.0000E-12
1771.5,1.0000E-12,1.0000E-12
1772.5,1.0000E-12,1.0000E-12
1773.5,1.0000E-12,1.0000E-12
1774.5,1.0000E-12,1.0000E-12
1775.5,1.0000E-12,1.0000E-12
1776.5,1.0000E-12,1.0000E-12
1777.5,1.0000E-12,1.0000E-12
1778.5,1.0000E-12,1.0000E-12
1779.5,1.0000E-12,1.0000E-12
1780.5,1.0000E-12,1.0000E-12
1781.5,1.0000E-12,1.0000E-12
1782.5,1.0000E-12,1.0000E-12
1783.5,1.0000E-12,1.0000E-12
1784.5,1.0000E-12,1.0000E-12
1785.5,1.0000E-12,1.0000E-12
1786.5,1.0000E-12,1.0000E-12
1787.5,1.0000E-12,1.0000E-12
1788.5,1.0000E-12,1.0000E-12
1789.5,1.0000E-12,1.0000E-12
1790.5,1.0000E-12,1.0000E-12
1791.5,1.0000E-12,1.0000E-12
1792.5,1.0000E-12,1.0000E-12
1793.5,1.0000E-12,1.0000E-12
1794.5,1.0000E-12,1.0000E-12
1795.5,1.0000E-12,1.0000E-12
1796.5,1.0000E-12,1.0000E-12
1797.5,1.0000E-12,1.0000E-12
1798.5,1.0000E-12,1.0000E-12
1799.5,1.0000E-12,1.0000E-12
1800.5,1.0000E-12,1.0000E-12
1801.5,1.0000E-12,1.0000E-12
1802.5,1.0000E-12,1.0000E-12
1803.5,1.0000E-12,1.0000E-12
1804.5,1.0000E-12,1.0000E-12
1805.5,1.0000E-12,1.0000E-12
1806.5,1.0000E-12,1.0000E-12
